20
967137226678506093 9999987 1 10000000 999999 90000001 639999998 26999974 440999568
567365141997043401 3960606 1985068 4125828 5630794 76825921 901167353 889742167 772908548
34468440 999999 12347 9699690 9748872 378288879 843875938 672672191 643425609
1511881142 123 1 10000000 10000000 1 850000000 360000001 470000002
758494663875 1 1 1 1 34857 92345 929 16730375
13 5 7 5 9 1 3 2 5
1175334 9999987 1 10000000 999999 430000001 979999998 673999327 450999558
1606423995 9999909 9999991 9999949 10000000 499997451 929995254 810000001 970000002
1783585506 9999987 1 10000000 999999 990000001 79999998 868999132 81999927
918495108443110920 9999991 1 9999991 9999989 849999236 589999466 309999660 169999814
930033404565174954 102400 15000 9699690 9748872 620781129 950572528 311963986 692169969
94563103 1 5 9999949 9999991 419997859 389998009 149999866 279999748
21226979124954459 1992450 782255 2704224 4505616 370983767 153300418 852618302 706520016
95658191 9999991 1 9999991 9999989 259999767 659999403 989998912 909999000
11 2 3 5 7 11 13 17 19
848937385843 8 7 17 19 0 5 6 2
1603800783 9999991 1 9999991 9999989 69999938 529999520 339999627 679999254
86974256 123456 557 9988776 1025 729181302 409540566 403985 491394225
739825879172045328 2683878 7208112 2912862 8898138 631358954 451401022 51028288 625542185
1664735681 1 5 9999949 9999991 599996941 719996326 159999857 579999478
